# Tom's favourite plot colours:

pleasingColours <- c("#3C4884","#DD5525","#8C2212","#E18942","#425227","#94117E")
# pleasingColoursTransparent <- c("#3C488450","#E6A45A50","#DD552550","#8C221250")

# Colourblind-friendly palette with grey:
cbPalette <- c("#999999", "#E69F00", "#56B4E9", "#009E73","#0072B2", "#D55E00", "#CC79A7","#F0E442")

# Colourblind-friendly palette with black:
cbbPalette <- c("#000000", "#E69F00", "#56B4E9", "#009E73", "#0072B2", "#D55E00", "#CC79A7","#F0E442")